   222
     0
   468
     0
     0
     0
     0
     0
     0
     0
     0
     0
     0
     0
     0
     0
     0
     0
     0
     0
     0
     0
     0
     0
     0
  5855
     0
     0
     0
     0
     0
     0
     0
     0
     0
     0
     0
     0
     0
     0
     0
     0
     0
     0
     0
     0
     0
     0
     0
     0
     0
     0
     0
     0
     0
     0
     0
     0
  8637
     0
     0
     0
     0
     0
     0
     0
     0
     0
     0
     0
  3020
     0
     0
     0
     0
     0
     0
     0
     0
     0
     0
     0
     0
     0
  3611
     0
     0
     0
     0
     0
     0
     0
     0
     0
     0
     0
     0
     0
     0
     0
     0
     0
     0
     0
     0
     0
     0
     0
     0
     0
     0
  6829
     0
     0
     0
     0
     0
     0
     0
     0
     0
     0
     0
     0
     0
     0
     0
     0
     0
     0
     0
     0
     0
     0
     0
     0
  6585
     0
     0
     0
     0
     0
     0
     0
     0
     0
     0
     0
     0
     0
     0
     0
  4011
     0
     0
     0
     0
     0
     0
     0
     0
  2277
     0
     0
     0
     0
     0
     0
     0
  2046
     0
     0
     0
     0
     0
  1739
     0
     0
     0
     0
     0
  1406
     0
     0
     0
  1139
     0
     0
     0
  1007
     0
     0
     0
   938
     0
     0
     0
   986
     0
     0
   935
     0
     0
     0
   994
     0
     0
     0
   948
     0
     0
     0
  1055
     0
     0
     0
   974
     0
     0
   924
     0
     0
     0
   831
     0
   702
     0
     0
   603
     0
   568
     0
   534
     0
   461
     0
   502
     0
   493
     0
   515
     0
   516
     0
   521
     0
   478
   400
   273
   196
   331
   233
   294
   175
   303
     0
